                                              R E A L   E I G E N V A L U E S
   MODE    EXTRACTION      EIGENVALUE            RADIANS             CYCLES            GENERALIZED         GENERALIZED
    NO.       ORDER                                                                       MASS              STIFFNESS
        1         1        1.677460E+06        1.295168E+03        2.061324E+02        1.000000E+00        1.677460E+06
        2         2        2.429647E+06        1.558732E+03        2.480800E+02        1.000000E+00        2.429647E+06
        3         3        2.592842E+06        1.610231E+03        2.562762E+02        1.000000E+00        2.592842E+06
        4         4        2.876692E+06        1.696081E+03        2.699397E+02        1.000000E+00        2.876692E+06
        5         5        3.342569E+06        1.828270E+03        2.909781E+02        1.000000E+00        3.342569E+06
        6         6        4.122686E+06        2.030440E+03        3.231545E+02        1.000000E+00        4.122686E+06
        7         7        4.453029E+06        2.110220E+03        3.358520E+02        1.000000E+00        4.453029E+06
        8         8        4.607741E+06        2.146565E+03        3.416364E+02        1.000000E+00        4.607741E+06
        9         9        4.942959E+06        2.223277E+03        3.538455E+02        1.000000E+00        4.942959E+06
       10        10        5.329992E+06        2.308678E+03        3.674374E+02        1.000000E+00        5.329992E+06
       11        11        5.340996E+06        2.311059E+03        3.678165E+02        1.000000E+00        5.340996E+06
       12        12        5.681561E+06        2.383603E+03        3.793621E+02        1.000000E+00        5.681561E+06
       13        13        6.537351E+06        2.556824E+03        4.069312E+02        1.000000E+00        6.537351E+06
       14        14        6.663558E+06        2.581387E+03        4.108405E+02        1.000000E+00        6.663558E+06
       15        15        7.173348E+06        2.678311E+03        4.262664E+02        1.000000E+00        7.173348E+06
       16        16        7.282918E+06        2.698688E+03        4.295096E+02        1.000000E+00        7.282918E+06
       17        17        7.473904E+06        2.733844E+03        4.351048E+02        1.000000E+00        7.473904E+06
       18        18        7.644787E+06        2.764921E+03        4.400508E+02        1.000000E+00        7.644787E+06
       19        19        8.095477E+06        2.845255E+03        4.528364E+02        1.000000E+00        8.095477E+06
       20        20        8.558245E+06        2.925448E+03        4.655995E+02        1.000000E+00        8.558245E+06
       21        21        8.705878E+06        2.950572E+03        4.695982E+02        1.000000E+00        8.705878E+06
       22        22        9.402703E+06        3.066383E+03        4.880300E+02        1.000000E+00        9.402703E+06
       23        23        9.428038E+06        3.070511E+03        4.886870E+02        1.000000E+00        9.428038E+06
       24        24        9.450409E+06        3.074152E+03        4.892664E+02        1.000000E+00        9.450409E+06
       25        25        9.818712E+06        3.133482E+03        4.987092E+02        1.000000E+00        9.818712E+06
       26        26        1.139256E+07        3.375286E+03        5.371935E+02        1.000000E+00        1.139256E+07
       27        27        1.189827E+07        3.449387E+03        5.489870E+02        1.000000E+00        1.189827E+07
       28        28        1.238490E+07        3.519218E+03        5.601010E+02        1.000000E+00        1.238490E+07
       29        29        1.275158E+07        3.570936E+03        5.683321E+02        1.000000E+00        1.275158E+07
       30        30        1.340517E+07        3.661308E+03        5.827152E+02        1.000000E+00        1.340517E+07
       31        31        1.355205E+07        3.681311E+03        5.858988E+02        1.000000E+00        1.355205E+07
       32        32        1.380493E+07        3.715499E+03        5.913401E+02        1.000000E+00        1.380493E+07
       33        33        1.424113E+07        3.773742E+03        6.006097E+02        1.000000E+00        1.424113E+07
       34        34        1.443933E+07        3.799911E+03        6.047747E+02        1.000000E+00        1.443933E+07
       35        35        1.584308E+07        3.980337E+03        6.334903E+02        1.000000E+00        1.584308E+07
       36        36        1.617518E+07        4.021838E+03        6.400954E+02        1.000000E+00        1.617518E+07
       37        37        1.636804E+07        4.045743E+03        6.439000E+02        1.000000E+00        1.636804E+07
       38        38        1.647602E+07        4.059067E+03        6.460206E+02        1.000000E+00        1.647602E+07
       39        39        1.703618E+07        4.127491E+03        6.569105E+02        1.000000E+00        1.703618E+07
       40        40        1.716422E+07        4.142972E+03        6.593745E+02        1.000000E+00        1.716422E+07
       41        41        1.735431E+07        4.165851E+03        6.630157E+02        1.000000E+00        1.735431E+07
       42        42        1.785245E+07        4.225217E+03        6.724641E+02        1.000000E+00        1.785245E+07
       43        43        1.860276E+07        4.313092E+03        6.864499E+02        1.000000E+00        1.860276E+07
       44        44        1.959892E+07        4.427067E+03        7.045895E+02        1.000000E+00        1.959892E+07
       45        45        2.052947E+07        4.530946E+03        7.211224E+02        1.000000E+00        2.052947E+07
       46        46        2.104314E+07        4.587281E+03        7.300884E+02        1.000000E+00        2.104314E+07
       47        47        2.120726E+07        4.605134E+03        7.329298E+02        1.000000E+00        2.120726E+07
       48        48        2.132081E+07        4.617447E+03        7.348894E+02        1.000000E+00        2.132081E+07
       49        49        2.143328E+07        4.629609E+03        7.368251E+02        1.000000E+00        2.143328E+07
       50        50        2.173349E+07        4.661920E+03        7.419675E+02        1.000000E+00        2.173349E+07
       51        51        2.193560E+07        4.683546E+03        7.454095E+02        1.000000E+00        2.193560E+07
       52        52        2.197543E+07        4.687796E+03        7.460859E+02        1.000000E+00        2.197543E+07
       53        53        2.263696E+07        4.757831E+03        7.572324E+02        1.000000E+00        2.263696E+07
       54        54        2.328020E+07        4.824956E+03        7.679156E+02        1.000000E+00        2.328020E+07
       55        55        2.365862E+07        4.864013E+03        7.741316E+02        1.000000E+00        2.365862E+07
       56        56        2.398042E+07        4.896980E+03        7.793786E+02        1.000000E+00        2.398042E+07
       57        57        2.405154E+07        4.904237E+03        7.805336E+02        1.000000E+00        2.405154E+07
       58        58        2.457785E+07        4.957605E+03        7.890274E+02        1.000000E+00        2.457785E+07
       59        59        2.495876E+07        4.995875E+03        7.951182E+02        1.000000E+00        2.495876E+07
       60        60        2.540488E+07        5.040326E+03        8.021927E+02        1.000000E+00        2.540488E+07
       61        61        2.568518E+07        5.068055E+03        8.066061E+02        1.000000E+00        2.568518E+07
       62        62        2.617143E+07        5.115802E+03        8.142053E+02        1.000000E+00        2.617143E+07
       63        63        2.654950E+07        5.152621E+03        8.200651E+02        1.000000E+00        2.654950E+07
       64        64        2.719532E+07        5.214914E+03        8.299793E+02        1.000000E+00        2.719532E+07
       65        65        2.761605E+07        5.255097E+03        8.363747E+02        1.000000E+00        2.761605E+07
       66        66        2.886656E+07        5.372761E+03        8.551015E+02        1.000000E+00        2.886656E+07
       67        67        2.952461E+07        5.433655E+03        8.647931E+02        1.000000E+00        2.952461E+07
       68        68        3.002224E+07        5.479255E+03        8.720505E+02        1.000000E+00        3.002224E+07
       69        69        3.047050E+07        5.520009E+03        8.785368E+02        1.000000E+00        3.047050E+07
       70        70        3.056910E+07        5.528933E+03        8.799570E+02        1.000000E+00        3.056910E+07
       71        71        3.103758E+07        5.571138E+03        8.866742E+02        1.000000E+00        3.103758E+07
       72        72        3.142343E+07        5.605661E+03        8.921686E+02        1.000000E+00        3.142343E+07
       73        73        3.171318E+07        5.631446E+03        8.962724E+02        1.000000E+00        3.171318E+07
       74        74        3.201324E+07        5.658024E+03        9.005026E+02        1.000000E+00        3.201324E+07
       75        75        3.302480E+07        5.746721E+03        9.146191E+02        1.000000E+00        3.302480E+07
       76        76        3.358804E+07        5.795519E+03        9.223855E+02        1.000000E+00        3.358804E+07
       77        77        3.411396E+07        5.840715E+03        9.295787E+02        1.000000E+00        3.411396E+07
       78        78        3.516353E+07        5.929884E+03        9.437704E+02        1.000000E+00        3.516353E+07
       79        79        3.555200E+07        5.962549E+03        9.489692E+02        1.000000E+00        3.555200E+07
       80        80        3.737901E+07        6.113838E+03        9.730475E+02        1.000000E+00        3.737901E+07
       81        81        3.825709E+07        6.185231E+03        9.844102E+02        1.000000E+00        3.825709E+07
       82        82        3.917050E+07        6.258634E+03        9.960925E+02        1.000000E+00        3.917050E+07
       83        83        3.925765E+07        6.265592E+03        9.972000E+02        1.000000E+00        3.925765E+07
       84        84        3.987232E+07        6.314453E+03        1.004976E+03        1.000000E+00        3.987232E+07
       85        85        4.022154E+07        6.342045E+03        1.009368E+03        1.000000E+00        4.022154E+07
       86        86        4.109362E+07        6.410431E+03        1.020252E+03        1.000000E+00        4.109362E+07
       87        87        4.189656E+07        6.472755E+03        1.030171E+03        1.000000E+00        4.189656E+07
       88        88        4.251518E+07        6.520366E+03        1.037749E+03        1.000000E+00        4.251518E+07
       89        89        4.285510E+07        6.546380E+03        1.041889E+03        1.000000E+00        4.285510E+07
       90        90        4.312131E+07        6.566682E+03        1.045120E+03        1.000000E+00        4.312131E+07
       91        91        4.407072E+07        6.638578E+03        1.056563E+03        1.000000E+00        4.407072E+07
       92        92        4.489302E+07        6.700225E+03        1.066374E+03        1.000000E+00        4.489302E+07
       93        93        4.530538E+07        6.730927E+03        1.071260E+03        1.000000E+00        4.530538E+07
       94        94        4.583011E+07        6.769794E+03        1.077446E+03        1.000000E+00        4.583011E+07
       95        95        4.603397E+07        6.784834E+03        1.079840E+03        1.000000E+00        4.603397E+07
       96        96        4.689331E+07        6.847869E+03        1.089872E+03        1.000000E+00        4.689331E+07
       97        97        4.699174E+07        6.855052E+03        1.091015E+03        1.000000E+00        4.699174E+07
       98        98        4.750018E+07        6.892037E+03        1.096902E+03        1.000000E+00        4.750018E+07
       99        99        4.842938E+07        6.959122E+03        1.107579E+03        1.000000E+00        4.842938E+07
      100       100        4.858469E+07        6.970272E+03        1.109353E+03        1.000000E+00        4.858469E+07
      101       101        4.904454E+07        7.003180E+03        1.114591E+03        1.000000E+00        4.904454E+07
      102       102        4.957132E+07        7.040690E+03        1.120561E+03        1.000000E+00        4.957132E+07
      103       103        4.972344E+07        7.051485E+03        1.122279E+03        1.000000E+00        4.972344E+07
      104       104        5.012265E+07        7.079735E+03        1.126775E+03        1.000000E+00        5.012265E+07
      105       105        5.027555E+07        7.090525E+03        1.128492E+03        1.000000E+00        5.027555E+07
      106       106        5.029386E+07        7.091817E+03        1.128698E+03        1.000000E+00        5.029386E+07
      107       107        5.123510E+07        7.157870E+03        1.139210E+03        1.000000E+00        5.123510E+07
      108       108        5.155010E+07        7.179840E+03        1.142707E+03        1.000000E+00        5.155010E+07
      109       109        5.161147E+07        7.184112E+03        1.143387E+03        1.000000E+00        5.161147E+07
      110       110        5.172066E+07        7.191708E+03        1.144596E+03        1.000000E+00        5.172066E+07
      111       111        5.215556E+07        7.221881E+03        1.149398E+03        1.000000E+00        5.215556E+07
      112       112        5.223218E+07        7.227183E+03        1.150242E+03        1.000000E+00        5.223218E+07
      113       113        5.307078E+07        7.284970E+03        1.159439E+03        1.000000E+00        5.307078E+07
      114       114        5.352657E+07        7.316186E+03        1.164407E+03        1.000000E+00        5.352657E+07
      115       115        5.464792E+07        7.392423E+03        1.176541E+03        1.000000E+00        5.464792E+07
      116       116        5.489763E+07        7.409293E+03        1.179226E+03        1.000000E+00        5.489763E+07
      117       117        5.514578E+07        7.426021E+03        1.181888E+03        1.000000E+00        5.514578E+07
      118       118        5.526915E+07        7.434322E+03        1.183209E+03        1.000000E+00        5.526915E+07
      119       119        5.553793E+07        7.452378E+03        1.186083E+03        1.000000E+00        5.553793E+07
      120       120        5.622895E+07        7.498596E+03        1.193439E+03        1.000000E+00        5.622895E+07
      121       121        5.679258E+07        7.536085E+03        1.199405E+03        1.000000E+00        5.679258E+07
      122       122        5.720211E+07        7.563207E+03        1.203722E+03        1.000000E+00        5.720211E+07
      123       123        5.780386E+07        7.602885E+03        1.210037E+03        1.000000E+00        5.780386E+07
      124       124        5.946941E+07        7.711641E+03        1.227346E+03        1.000000E+00        5.946941E+07
      125       125        6.025123E+07        7.762167E+03        1.235387E+03        1.000000E+00        6.025123E+07
      126       126        6.049359E+07        7.777762E+03        1.237869E+03        1.000000E+00        6.049359E+07
      127       127        6.092152E+07        7.805224E+03        1.242240E+03        1.000000E+00        6.092152E+07
      128       128        6.126029E+07        7.826895E+03        1.245689E+03        1.000000E+00        6.126029E+07
      129       129        6.142274E+07        7.837266E+03        1.247340E+03        1.000000E+00        6.142274E+07
      130       130        6.351156E+07        7.969414E+03        1.268372E+03        1.000000E+00        6.351156E+07
      131       131        6.519048E+07        8.074062E+03        1.285027E+03        1.000000E+00        6.519048E+07
      132       132        6.590786E+07        8.118366E+03        1.292078E+03        1.000000E+00        6.590786E+07
      133       133        6.674451E+07        8.169732E+03        1.300253E+03        1.000000E+00        6.674451E+07
      134       134        6.747485E+07        8.214307E+03        1.307348E+03        1.000000E+00        6.747485E+07
      135       135        6.769088E+07        8.227447E+03        1.309439E+03        1.000000E+00        6.769088E+07
      136       136        7.024170E+07        8.381032E+03        1.333883E+03        1.000000E+00        7.024170E+07
      137       137        7.239371E+07        8.508450E+03        1.354162E+03        1.000000E+00        7.239371E+07
      138       138        7.271945E+07        8.527570E+03        1.357205E+03        1.000000E+00        7.271945E+07
      139       139        7.330662E+07        8.561928E+03        1.362673E+03        1.000000E+00        7.330662E+07
      140       140        7.331551E+07        8.562448E+03        1.362756E+03        1.000000E+00        7.331551E+07
      141       141        7.364387E+07        8.581601E+03        1.365804E+03        1.000000E+00        7.364387E+07
      142       142        7.414277E+07        8.610620E+03        1.370423E+03        1.000000E+00        7.414277E+07
      143       143        7.674099E+07        8.760194E+03        1.394228E+03        1.000000E+00        7.674099E+07
      144       144        7.724618E+07        8.788980E+03        1.398810E+03        1.000000E+00        7.724618E+07
      145       145        7.755145E+07        8.806330E+03        1.401571E+03        1.000000E+00        7.755145E+07
      146       146        7.883336E+07        8.878815E+03        1.413107E+03        1.000000E+00        7.883336E+07
      147       147        7.933595E+07        8.907073E+03        1.417605E+03        1.000000E+00        7.933595E+07
      148       148        7.975329E+07        8.930470E+03        1.421328E+03        1.000000E+00        7.975329E+07
      149       149        8.007997E+07        8.948741E+03        1.424236E+03        1.000000E+00        8.007997E+07
      150       150        8.067952E+07        8.982178E+03        1.429558E+03        1.000000E+00        8.067952E+07
      151       151        8.116030E+07        9.008901E+03        1.433811E+03        1.000000E+00        8.116030E+07
      152       152        8.176308E+07        9.042294E+03        1.439126E+03        1.000000E+00        8.176308E+07
      153       153        8.267272E+07        9.092454E+03        1.447109E+03        1.000000E+00        8.267272E+07
      154       154        8.328611E+07        9.126122E+03        1.452467E+03        1.000000E+00        8.328611E+07
      155       155        8.416947E+07        9.174392E+03        1.460150E+03        1.000000E+00        8.416947E+07
      156       156        8.448016E+07        9.191309E+03        1.462842E+03        1.000000E+00        8.448016E+07
      157       157        8.471776E+07        9.204225E+03        1.464898E+03        1.000000E+00        8.471776E+07
      158       158        8.545427E+07        9.244148E+03        1.471252E+03        1.000000E+00        8.545427E+07
      159       159        8.594004E+07        9.270385E+03        1.475428E+03        1.000000E+00        8.594004E+07
      160       160        8.637069E+07        9.293583E+03        1.479120E+03        1.000000E+00        8.637069E+07
      161       161        8.694480E+07        9.324419E+03        1.484027E+03        1.000000E+00        8.694480E+07
      162       162        8.717449E+07        9.336728E+03        1.485986E+03        1.000000E+00        8.717449E+07
      163       163        8.768520E+07        9.364038E+03        1.490333E+03        1.000000E+00        8.768520E+07
      164       164        8.843714E+07        9.404102E+03        1.496709E+03        1.000000E+00        8.843714E+07
      165       165        8.943874E+07        9.457206E+03        1.505161E+03        1.000000E+00        8.943874E+07
      166       166        9.124079E+07        9.552005E+03        1.520249E+03        1.000000E+00        9.124079E+07
      167       167        9.190328E+07        9.586620E+03        1.525758E+03        1.000000E+00        9.190328E+07
      168       168        9.251539E+07        9.618492E+03        1.530831E+03        1.000000E+00        9.251539E+07
      169       169        9.290886E+07        9.638924E+03        1.534082E+03        1.000000E+00        9.290886E+07
      170       170        9.400281E+07        9.695504E+03        1.543087E+03        1.000000E+00        9.400281E+07
      171       171        9.428693E+07        9.710146E+03        1.545418E+03        1.000000E+00        9.428693E+07
      172       172        9.498886E+07        9.746223E+03        1.551160E+03        1.000000E+00        9.498886E+07
      173       173        9.576574E+07        9.785997E+03        1.557490E+03        1.000000E+00        9.576574E+07
      174       174        9.652162E+07        9.824542E+03        1.563624E+03        1.000000E+00        9.652162E+07
      175       175        9.713778E+07        9.855850E+03        1.568607E+03        1.000000E+00        9.713778E+07
      176       176        9.824563E+07        9.911893E+03        1.577527E+03        1.000000E+00        9.824563E+07
      177       177        9.866464E+07        9.933007E+03        1.580887E+03        1.000000E+00        9.866464E+07
      178       178        9.896993E+07        9.948363E+03        1.583331E+03        1.000000E+00        9.896993E+07
      179       179        9.991481E+07        9.995740E+03        1.590871E+03        1.000000E+00        9.991481E+07
      180       180        1.003740E+08        1.001868E+04        1.594523E+03        1.000000E+00        1.003740E+08
      181       181        1.015477E+08        1.007709E+04        1.603819E+03        1.000000E+00        1.015477E+08
      182       182        1.019611E+08        1.009758E+04        1.607080E+03        1.000000E+00        1.019611E+08
      183       183        1.021049E+08        1.010470E+04        1.608213E+03        1.000000E+00        1.021049E+08
      184       184        1.037369E+08        1.018513E+04        1.621014E+03        1.000000E+00        1.037369E+08
      185       185        1.046416E+08        1.022945E+04        1.628068E+03        1.000000E+00        1.046416E+08
      186       186        1.052633E+08        1.025979E+04        1.632897E+03        1.000000E+00        1.052633E+08
      187       187        1.062768E+08        1.030906E+04        1.640738E+03        1.000000E+00        1.062768E+08
      188       188        1.083733E+08        1.041025E+04        1.656843E+03        1.000000E+00        1.083733E+08
      189       189        1.088819E+08        1.043465E+04        1.660726E+03        1.000000E+00        1.088819E+08
      190       190        1.095500E+08        1.046661E+04        1.665813E+03        1.000000E+00        1.095500E+08
      191       191        1.101627E+08        1.049584E+04        1.670465E+03        1.000000E+00        1.101627E+08
      192       192        1.111984E+08        1.054507E+04        1.678300E+03        1.000000E+00        1.111984E+08
      193       193        1.117215E+08        1.056984E+04        1.682242E+03        1.000000E+00        1.117215E+08
      194       194        1.124019E+08        1.060198E+04        1.687357E+03        1.000000E+00        1.124019E+08
      195       195        1.135126E+08        1.065423E+04        1.695673E+03        1.000000E+00        1.135126E+08
      196       196        1.141932E+08        1.068612E+04        1.700749E+03        1.000000E+00        1.141932E+08
      197       197        1.170692E+08        1.081985E+04        1.722033E+03        1.000000E+00        1.170692E+08
      198       198        1.172926E+08        1.083017E+04        1.723675E+03        1.000000E+00        1.172926E+08
      199       199        1.181798E+08        1.087105E+04        1.730182E+03        1.000000E+00        1.181798E+08
      200       200        1.189406E+08        1.090599E+04        1.735742E+03        1.000000E+00        1.189406E+08
      201       201        1.202096E+08        1.096401E+04        1.744977E+03        1.000000E+00        1.202096E+08
      202       202        1.203380E+08        1.096987E+04        1.745909E+03        1.000000E+00        1.203380E+08
      203       203        1.216454E+08        1.102930E+04        1.755367E+03        1.000000E+00        1.216454E+08
      204       204        1.223815E+08        1.106262E+04        1.760670E+03        1.000000E+00        1.223815E+08
      205       205        1.230289E+08        1.109184E+04        1.765321E+03        1.000000E+00        1.230289E+08
      206       206        1.240172E+08        1.113630E+04        1.772398E+03        1.000000E+00        1.240172E+08
      207       207        1.241492E+08        1.114223E+04        1.773340E+03        1.000000E+00        1.241492E+08
      208       208        1.263111E+08        1.123882E+04        1.788714E+03        1.000000E+00        1.263111E+08
      209       209        1.274285E+08        1.128842E+04        1.796608E+03        1.000000E+00        1.274285E+08
      210       210        1.280201E+08        1.131460E+04        1.800774E+03        1.000000E+00        1.280201E+08
      211       211        1.284194E+08        1.133223E+04        1.803580E+03        1.000000E+00        1.284194E+08
      212       212        1.289028E+08        1.135354E+04        1.806971E+03        1.000000E+00        1.289028E+08
      213       213        1.296831E+08        1.138785E+04        1.812432E+03        1.000000E+00        1.296831E+08
      214       214        1.306721E+08        1.143119E+04        1.819330E+03        1.000000E+00        1.306721E+08
      215       215        1.310713E+08        1.144864E+04        1.822107E+03        1.000000E+00        1.310713E+08
      216       216        1.315981E+08        1.147162E+04        1.825765E+03        1.000000E+00        1.315981E+08
      217       217        1.324721E+08        1.150965E+04        1.831818E+03        1.000000E+00        1.324721E+08
      218       218        1.336141E+08        1.155916E+04        1.839697E+03        1.000000E+00        1.336141E+08
      219       219        1.337998E+08        1.156719E+04        1.840975E+03        1.000000E+00        1.337998E+08
      220       220        1.342003E+08        1.158449E+04        1.843728E+03        1.000000E+00        1.342003E+08
      221       221        1.351480E+08        1.162532E+04        1.850226E+03        1.000000E+00        1.351480E+08
      222       222        1.359452E+08        1.165955E+04        1.855675E+03        1.000000E+00        1.359452E+08
      223       223        1.368623E+08        1.169882E+04        1.861925E+03        1.000000E+00        1.368623E+08
      224       224        1.382186E+08        1.175664E+04        1.871127E+03        1.000000E+00        1.382186E+08
      225       225        1.386571E+08        1.177527E+04        1.874093E+03        1.000000E+00        1.386571E+08
      226       226        1.402302E+08        1.184188E+04        1.884694E+03        1.000000E+00        1.402302E+08
      227       227        1.409289E+08        1.187135E+04        1.889384E+03        1.000000E+00        1.409289E+08
      228       228        1.416633E+08        1.190224E+04        1.894300E+03        1.000000E+00        1.416633E+08
      229       229        1.426714E+08        1.194452E+04        1.901029E+03        1.000000E+00        1.426714E+08
      230       230        1.436961E+08        1.198733E+04        1.907843E+03        1.000000E+00        1.436961E+08
      231       231        1.453495E+08        1.205610E+04        1.918787E+03        1.000000E+00        1.453495E+08
      232       232        1.458871E+08        1.207837E+04        1.922333E+03        1.000000E+00        1.458871E+08
      233       233        1.471155E+08        1.212912E+04        1.930409E+03        1.000000E+00        1.471155E+08
      234       234        1.480817E+08        1.216888E+04        1.936738E+03        1.000000E+00        1.480817E+08
      235       235        1.487985E+08        1.219830E+04        1.941419E+03        1.000000E+00        1.487985E+08
      236       236        1.491001E+08        1.221065E+04        1.943386E+03        1.000000E+00        1.491001E+08
      237       237        1.500233E+08        1.224840E+04        1.949394E+03        1.000000E+00        1.500233E+08
      238       238        1.511821E+08        1.229561E+04        1.956908E+03        1.000000E+00        1.511821E+08
      239       239        1.517864E+08        1.232016E+04        1.960815E+03        1.000000E+00        1.517864E+08
      240       240        1.526310E+08        1.235439E+04        1.966262E+03        1.000000E+00        1.526310E+08
      241       241        1.530206E+08        1.237015E+04        1.968770E+03        1.000000E+00        1.530206E+08
      242       242        1.541422E+08        1.241540E+04        1.975973E+03        1.000000E+00        1.541422E+08
      243       243        1.548110E+08        1.244230E+04        1.980254E+03        1.000000E+00        1.548110E+08
      244       244        1.552828E+08        1.246125E+04        1.983270E+03        1.000000E+00        1.552828E+08
      245       245        1.558683E+08        1.248472E+04        1.987005E+03        1.000000E+00        1.558683E+08
      246       246        1.574572E+08        1.254819E+04        1.997107E+03        1.000000E+00        1.574572E+08
1    EIGENFREQUENCIES                                                         MARCH   9, 2026  MSC Nastran  6/ 9/25   PAGE    10